00001 2022-12-01 150 150
00002 2022-12-01 150 150
00003 2022-12-01 150 150
00004 2022-12-01 150 150
00005 2022-12-01 150 150
00006 2022-12-01 150 150
00007 2022-12-01 150 150
00008 2022-12-01 150 150
00009 2022-12-01 150 150
00010 2022-12-01 150 150
00011 2022-12-01 150 150
00012 2022-12-01 150 150
00013 2022-12-01 150 150
00014 2022-12-01 150 150
00015 2022-12-01 150 150
00016 2022-12-01 150 150
00017 2022-12-01 150 150
00018 2022-12-01 150 150
00019 2022-12-01 150 150
00020 2022-12-01 150 150
00021 2022-12-01 150 150
00022 2022-12-01 150 150
00023 2022-12-01 150 150
00024 2022-12-01 150 150
00025 2022-12-01 150 150
00026 2022-12-01 150 150
00027 2022-12-01 150 150
00028 2022-12-01 150 150
00029 2022-12-01 150 150
00030 2022-12-01 150 150
00031 2022-12-01 150 150
00032 2022-12-01 150 150
#